1024 1 1.45943e-09
1024 2 1.45754e-09
1024 4 1.4571e-09
1024 8 1.45903e-09
1024 16 1.45805e-09
1024 32 1.45777e-09
1024 64 1.45789e-09
1024 128 1.45905e-09
1024 256 1.45875e-09
1024 512 1.45732e-09


2048 1 1.45759e-09
2048 2 1.45775e-09
2048 4 1.45699e-09
2048 8 1.45752e-09
2048 16 1.45736e-09
2048 32 1.45716e-09
2048 64 1.45826e-09
2048 128 1.45862e-09
2048 256 1.45581e-09
2048 512 1.45598e-09
2048 1024 1.45707e-09


4096 1 1.45872e-09
4096 2 1.45721e-09
4096 4 1.45599e-09
4096 8 1.45727e-09
4096 16 1.45604e-09
4096 32 1.45577e-09
4096 64 1.45687e-09
4096 128 1.45662e-09
4096 256 1.45776e-09
4096 512 1.45523e-09
4096 1024 1.45611e-09
4096 2048 1.45528e-09


8192 1 1.46279e-09
8192 2 1.46786e-09
8192 4 1.47352e-09
8192 8 1.45637e-09
8192 16 1.45647e-09
8192 32 1.45759e-09
8192 64 1.45956e-09
8192 128 1.46007e-09
8192 256 1.45661e-09
8192 512 1.45652e-09
8192 1024 1.4577e-09
8192 2048 1.45611e-09
8192 4096 1.45521e-09


16384 1 1.46245e-09
16384 2 1.4709e-09
16384 4 1.70544e-09
16384 8 1.95259e-09
16384 16 2.47603e-09
16384 32 2.75571e-09
16384 64 3.5924e-09
16384 128 5.47396e-09
16384 256 5.46895e-09
16384 512 5.47765e-09
16384 1024 5.47302e-09
16384 2048 1.45659e-09
16384 4096 1.45619e-09
16384 8192 1.45623e-09


32768 1 1.46285e-09
32768 2 1.46997e-09
32768 4 1.70669e-09
32768 8 1.95566e-09
32768 16 2.48773e-09
32768 32 2.77994e-09
32768 64 3.64357e-09
32768 128 5.5576e-09
32768 256 5.6446e-09
32768 512 5.81211e-09
32768 1024 6.14664e-09
32768 2048 6.1475e-09
32768 4096 2.12854e-09
32768 8192 1.45743e-09
32768 16384 1.45371e-09


65536 1 1.46154e-09
65536 2 1.47021e-09
65536 4 1.70591e-09
65536 8 1.95557e-09
65536 16 2.49001e-09
65536 32 2.77814e-09
65536 64 3.6414e-09
65536 128 5.56082e-09
65536 256 5.64089e-09
65536 512 5.8077e-09
65536 1024 6.15552e-09
65536 2048 6.14682e-09
65536 4096 6.147e-09
65536 8192 2.12874e-09
65536 16384 1.45751e-09
65536 32768 1.45346e-09


131072 1 1.46288e-09
131072 2 1.46938e-09
131072 4 1.70805e-09
131072 8 1.95561e-09
131072 16 2.48613e-09
131072 32 2.77583e-09
131072 64 3.63308e-09
131072 128 5.55736e-09
131072 256 5.63142e-09
131072 512 5.78994e-09
131072 1024 6.11848e-09
131072 2048 6.11597e-09
131072 4096 6.12718e-09
131072 8192 6.14679e-09
131072 16384 2.12879e-09
131072 32768 1.45609e-09
131072 65536 1.45503e-09


262144 1 1.4626e-09
262144 2 1.46847e-09
262144 4 1.70457e-09
262144 8 1.94925e-09
262144 16 2.48045e-09
262144 32 2.76831e-09
262144 64 3.61572e-09
262144 128 5.51324e-09
262144 256 5.55675e-09
262144 512 5.63557e-09
262144 1024 5.78852e-09
262144 2048 5.79238e-09
262144 4096 5.79511e-09
262144 8192 5.81145e-09
262144 16384 5.80674e-09
262144 32768 1.45663e-09
262144 65536 1.45654e-09
262144 131072 1.45804e-09


524288 1 1.46029e-09
524288 2 1.46795e-09
524288 4 1.70094e-09
524288 8 1.95168e-09
524288 16 2.47722e-09
524288 32 2.76298e-09
524288 64 3.59638e-09
524288 128 5.49829e-09
524288 256 5.51091e-09
524288 512 5.55207e-09
524288 1024 5.62595e-09
524288 2048 5.63683e-09
524288 4096 5.63946e-09
524288 8192 5.64e-09
524288 16384 5.64036e-09
524288 32768 5.47221e-09
524288 65536 1.4576e-09
524288 131072 1.45666e-09
524288 262144 1.45661e-09


1048576 1 1.45883e-09
1048576 2 1.46874e-09
1048576 4 1.70414e-09
1048576 8 1.95343e-09
1048576 16 2.47895e-09
1048576 32 2.76002e-09
1048576 64 3.59988e-09
1048576 128 5.48516e-09
1048576 256 5.49427e-09
1048576 512 5.51783e-09
1048576 1024 5.55231e-09
1048576 2048 5.55256e-09
1048576 4096 5.55459e-09
1048576 8192 5.56196e-09
1048576 16384 5.55658e-09
1048576 32768 5.47329e-09
1048576 65536 5.47494e-09
1048576 131072 1.45793e-09
1048576 262144 1.45669e-09
1048576 524288 1.45718e-09


2097152 1 1.69906e-09
2097152 2 2.57223e-09
2097152 4 4.97188e-09
2097152 8 9.59012e-09
2097152 16 1.92916e-08
2097152 32 4.42152e-08
2097152 64 6.17702e-08
2097152 128 9.94549e-08
2097152 256 9.95312e-08
2097152 512 9.96895e-08
2097152 1024 9.96342e-08
2097152 2048 9.86843e-08
2097152 4096 9.79915e-08
2097152 8192 9.75842e-08
2097152 16384 9.6621e-08
2097152 32768 8.77941e-08
2097152 65536 6.95317e-08
2097152 131072 5.47853e-09
2097152 262144 1.4578e-09
2097152 524288 1.45643e-09
2097152 1048576 1.45707e-09


4194304 1 1.73447e-09
4194304 2 2.73164e-09
4194304 4 5.13244e-09
4194304 8 1.00559e-08
4194304 16 2.06657e-08
4194304 32 4.87399e-08
4194304 64 6.84693e-08
4194304 128 1.10115e-07
4194304 256 1.10376e-07
4194304 512 1.10178e-07
4194304 1024 1.10397e-07
4194304 2048 1.09815e-07
4194304 4096 1.09797e-07
4194304 8192 1.09813e-07
4194304 16384 1.09289e-07
4194304 32768 1.07004e-07
4194304 65536 1.07053e-07
4194304 131072 7.90572e-08
4194304 262144 5.4673e-09
4194304 524288 1.45661e-09
4194304 1048576 1.45739e-09
4194304 2097152 1.45798e-09


8388608 1 1.73112e-09
8388608 2 2.74184e-09
8388608 4 5.14102e-09
8388608 8 1.0039e-08
8388608 16 2.06624e-08
8388608 32 4.8836e-08
8388608 64 6.84161e-08
8388608 128 1.10332e-07
8388608 256 1.10394e-07
8388608 512 1.10339e-07
8388608 1024 1.10501e-07
8388608 2048 1.0998e-07
8388608 4096 1.1009e-07
8388608 8192 1.09709e-07
8388608 16384 1.09843e-07
8388608 32768 1.08539e-07
8388608 65536 1.08458e-07
8388608 131072 1.08653e-07
8388608 262144 7.90544e-08
8388608 524288 5.47332e-09
8388608 1048576 1.45648e-09
8388608 2097152 1.45748e-09
8388608 4194304 1.45617e-09


16777216 1 1.73089e-09
16777216 2 2.73979e-09
16777216 4 5.13865e-09
16777216 8 1.00477e-08
16777216 16 2.06897e-08
16777216 32 4.89111e-08
16777216 64 6.86908e-08
16777216 128 1.10191e-07
16777216 256 1.10592e-07
16777216 512 1.10307e-07
16777216 1024 1.11009e-07
16777216 2048 1.07876e-07
16777216 4096 1.07747e-07
16777216 8192 1.07743e-07
16777216 16384 1.07549e-07
16777216 32768 1.07125e-07
16777216 65536 1.07483e-07
16777216 131072 1.07204e-07
16777216 262144 1.07809e-07
16777216 524288 8.05717e-08
16777216 1048576 5.48406e-09
16777216 2097152 1.45662e-09
16777216 4194304 1.45644e-09
16777216 8388608 1.45574e-09


